Accuracy,Log Loss,Model size,AUC,Training time,Prediction time,TPR,FPR
0.93,0.4348666947061949,5736,0.9698082415340677,0.6521127223968506,0.12247061729431152,"[0.         0.01754386 0.61403509 0.61403509 0.92982456 0.92982456
 0.94736842 0.94736842 0.96491228 0.96491228 0.98245614 0.98245614
 1.         1.        ]","[0.         0.         0.         0.02325581 0.02325581 0.06976744
 0.06976744 0.09302326 0.09302326 0.48837209 0.48837209 0.65116279
 0.65116279 1.        ]"
0.89,0.41843557663581005,5738,0.9794031105506515,0.602135419845581,0.08498167991638184,"[0.         0.01639344 0.55737705 0.55737705 0.86885246 0.86885246
 0.96721311 0.96721311 0.98360656 0.98360656 1.         1.        ]","[0.         0.         0.         0.02564103 0.02564103 0.07692308
 0.07692308 0.12820513 0.12820513 0.17948718 0.17948718 1.        ]"
0.96,0.3949056825664319,5738,0.9815926370548219,0.587998628616333,0.09626245498657227,"[0.         0.02040816 0.81632653 0.81632653 0.89795918 0.89795918
 0.95918367 0.95918367 0.97959184 0.97959184 1.         1.        ]","[0.         0.         0.         0.01960784 0.01960784 0.03921569
 0.03921569 0.05882353 0.05882353 0.64705882 0.64705882 1.        ]"
0.93,0.40985309924074526,5738,0.9855942376950781,0.6458089351654053,0.07806253433227539,"[0.         0.01960784 0.45098039 0.45098039 0.96078431 0.96078431
 0.98039216 0.98039216 1.         1.        ]","[0.         0.         0.         0.02040816 0.02040816 0.06122449
 0.06122449 0.14285714 0.14285714 1.        ]"
0.93,0.4054385390651503,5738,0.964696223316913,0.6719043254852295,0.11180615425109863,"[0.         0.02380952 0.64285714 0.64285714 0.85714286 0.85714286
 0.88095238 0.88095238 0.9047619  0.9047619  0.92857143 0.92857143
 0.95238095 0.95238095 0.97619048 0.97619048 1.         1.        ]","[0.         0.         0.         0.01724138 0.01724138 0.03448276
 0.03448276 0.05172414 0.05172414 0.18965517 0.18965517 0.22413793
 0.22413793 0.25862069 0.25862069 0.56896552 0.56896552 1.        ]"
0.91,0.44697553677929647,5738,0.9694901645925331,0.6589267253875732,0.09833359718322754,"[0.         0.0212766  0.55319149 0.55319149 0.57446809 0.57446809
 0.74468085 0.74468085 0.78723404 0.78723404 0.87234043 0.87234043
 0.91489362 0.91489362 0.93617021 0.93617021 1.         1.        ]","[0.         0.         0.         0.01886792 0.01886792 0.03773585
 0.03773585 0.05660377 0.05660377 0.0754717  0.0754717  0.09433962
 0.09433962 0.11320755 0.11320755 0.13207547 0.13207547 1.        ]"
0.96,0.4154323242857522,5738,0.9811924769907964,0.5840036869049072,0.07418251037597656,"[0.         0.02040816 0.28571429 0.28571429 0.83673469 0.83673469
 0.95918367 0.95918367 0.97959184 0.97959184 1.         1.        ]","[0.         0.         0.         0.01960784 0.01960784 0.03921569
 0.03921569 0.05882353 0.05882353 0.09803922 0.09803922 1.        ]"
0.9,0.4753403505646315,5738,0.9408212560386473,0.5558454990386963,0.07585310935974121,"[0.         0.02173913 0.32608696 0.32608696 0.41304348 0.41304348
 0.56521739 0.56521739 0.60869565 0.60869565 0.82608696 0.82608696
 0.91304348 0.91304348 0.95652174 0.95652174 0.97826087 0.97826087
 1.         1.        ]","[0.         0.         0.         0.03703704 0.03703704 0.05555556
 0.05555556 0.07407407 0.07407407 0.09259259 0.09259259 0.11111111
 0.11111111 0.12962963 0.12962963 0.14814815 0.14814815 0.25925926
 0.25925926 1.        ]"
0.91,0.46548150219776124,5738,0.9710322317421461,0.5618712902069092,0.09710955619812012,"[0.         0.02325581 0.27906977 0.27906977 0.69767442 0.69767442
 0.74418605 0.74418605 0.81395349 0.81395349 0.93023256 0.93023256
 0.95348837 0.95348837 1.         1.        ]","[0.         0.         0.         0.01754386 0.01754386 0.03508772
 0.03508772 0.05263158 0.05263158 0.07017544 0.07017544 0.10526316
 0.10526316 0.12280702 0.12280702 1.        ]"
0.86,0.5146510492767205,5738,0.8955582232893157,0.591782808303833,0.08080267906188965,"[0.         0.01960784 0.01960784 0.1372549  0.1372549  0.29411765
 0.29411765 0.33333333 0.33333333 0.68627451 0.68627451 0.78431373
 0.78431373 0.84313725 0.84313725 0.8627451  0.8627451  0.94117647
 0.94117647 0.96078431 0.96078431 0.98039216 0.98039216 1.        ]","[0.         0.         0.02040816 0.02040816 0.04081633 0.04081633
 0.06122449 0.06122449 0.08163265 0.08163265 0.10204082 0.10204082
 0.12244898 0.12244898 0.14285714 0.14285714 0.16326531 0.16326531
 0.2244898  0.2244898  0.3877551  0.3877551  1.         1.        ]"
0.91,0.45794211205823204,5739,0.9571828731492596,0.6074397563934326,0.0719759464263916,"[0.         0.02040816 0.18367347 0.18367347 0.75510204 0.75510204
 0.85714286 0.85714286 0.87755102 0.87755102 0.91836735 0.91836735
 0.95918367 0.95918367 0.97959184 0.97959184 1.         1.        ]","[0.         0.         0.         0.01960784 0.01960784 0.03921569
 0.03921569 0.05882353 0.05882353 0.07843137 0.07843137 0.09803922
 0.09803922 0.17647059 0.17647059 0.76470588 0.76470588 1.        ]"
0.95,0.43166097451933394,5739,0.9743075070252911,0.617821216583252,0.09079742431640625,"[0.         0.0212766  0.38297872 0.38297872 0.85106383 0.85106383
 0.91489362 0.91489362 0.95744681 0.95744681 0.9787234  0.9787234
 1.         1.        ]","[0.         0.         0.         0.01886792 0.01886792 0.03773585
 0.03773585 0.05660377 0.05660377 0.26415094 0.26415094 0.30188679
 0.30188679 1.        ]"
0.92,0.41056816289123416,5739,0.9683873549419768,0.6126277446746826,0.08065176010131836,"[0.         0.02040816 0.16326531 0.16326531 0.55102041 0.55102041
 0.81632653 0.81632653 0.93877551 0.93877551 0.97959184 0.97959184
 1.         1.        ]","[0.         0.         0.         0.01960784 0.01960784 0.03921569
 0.03921569 0.05882353 0.05882353 0.09803922 0.09803922 0.11764706
 0.11764706 1.        ]"
0.96,0.4234122751873125,5739,0.9772727272727272,0.622647762298584,0.07731938362121582,"[0.         0.02272727 0.09090909 0.09090909 0.93181818 0.93181818
 0.95454545 0.95454545 0.97727273 0.97727273 1.         1.        ]","[0.         0.         0.         0.01785714 0.01785714 0.03571429
 0.03571429 0.07142857 0.07142857 0.23214286 0.23214286 1.        ]"
0.9,0.4005929959956518,5739,0.9891956782713085,0.6918625831604004,0.09745383262634277,"[0.         0.01960784 0.76470588 0.76470588 0.82352941 0.82352941
 0.94117647 0.94117647 0.98039216 0.98039216 1.         1.        ]","[0.         0.         0.         0.02040816 0.02040816 0.04081633
 0.04081633 0.06122449 0.06122449 0.12244898 0.12244898 1.        ]"
0.94,0.3867214953461648,5739,0.9863123993558776,0.7509174346923828,0.13750386238098145,"[0.         0.02173913 0.54347826 0.54347826 0.84782609 0.84782609
 0.93478261 0.93478261 0.97826087 0.97826087 1.         1.        ]","[0.         0.         0.         0.01851852 0.01851852 0.03703704
 0.03703704 0.05555556 0.05555556 0.11111111 0.11111111 1.        ]"
0.9,0.4613304386331611,5739,0.9403044871794871,0.629413366317749,0.08176326751708984,"[0.         0.01923077 0.13461538 0.13461538 0.5        0.5
 0.63461538 0.63461538 0.86538462 0.86538462 0.90384615 0.90384615
 0.94230769 0.94230769 0.96153846 0.96153846 0.98076923 0.98076923
 1.         1.        ]","[0.         0.         0.         0.02083333 0.02083333 0.04166667
 0.04166667 0.0625     0.0625     0.08333333 0.08333333 0.10416667
 0.10416667 0.125      0.125      0.20833333 0.20833333 0.95833333
 0.95833333 1.        ]"
0.93,0.4442232790357177,5739,0.9719887955182073,0.6106882095336914,0.09742903709411621,"[0.         0.02040816 0.57142857 0.57142857 0.6122449  0.6122449
 0.81632653 0.81632653 0.97959184 0.97959184 1.         1.        ]","[0.         0.         0.         0.01960784 0.01960784 0.03921569
 0.03921569 0.05882353 0.05882353 0.47058824 0.47058824 1.        ]"
0.93,0.36477882228166947,5739,0.9751121991024072,0.6190009117126465,0.10262894630432129,"[0.         0.01754386 0.64912281 0.64912281 0.75438596 0.75438596
 0.78947368 0.78947368 0.89473684 0.89473684 0.94736842 0.94736842
 0.96491228 0.96491228 0.98245614 0.98245614 1.         1.        ]","[0.         0.         0.         0.02325581 0.02325581 0.04651163
 0.04651163 0.06976744 0.06976744 0.09302326 0.09302326 0.11627907
 0.11627907 0.1627907  0.1627907  0.20930233 0.20930233 1.        ]"
0.96,0.3751951811073024,5739,0.985576923076923,0.609367847442627,0.1013329029083252,"[0.         0.01923077 0.76923077 0.76923077 0.80769231 0.80769231
 0.94230769 0.94230769 0.98076923 0.98076923 1.         1.        ]","[0.         0.         0.         0.02083333 0.02083333 0.04166667
 0.04166667 0.0625     0.0625     0.29166667 0.29166667 1.        ]"
