Accuracy,Log Loss,Model size,AUC,Training time,Prediction time,TPR,FPR
0.98,0.7208730677823432,3553,0.9824561403508771,0.25725769996643066,0.0,[0.         0.96491228 1.        ],[0. 0. 1.]
0.94,2.1626192033470293,3553,0.9369482976040354,0.2502572536468506,0.0,[0.         0.95081967 1.        ],[0.         0.07692308 1.        ]
0.95,1.8021826694558576,3553,0.9493797519007602,0.2506563663482666,0.0,[0.         0.91836735 1.        ],[0.         0.01960784 1.        ]
0.98,0.7208730677823432,3553,0.9799919967987195,0.25197529792785645,0.0,[0.         0.98039216 1.        ],[0.         0.02040816 1.        ]
0.98,0.7208730677823432,3553,0.9794745484400658,0.24661827087402344,0.0,[0.         0.97619048 1.        ],[0.         0.01724138 1.        ]
0.98,0.7208730677823432,3553,0.9811320754716981,0.2659316062927246,0.0,[0. 1. 1.],[0.         0.03773585 1.        ]
0.96,1.4417461355646861,3553,0.9599839935974389,0.25064539909362793,0.0,[0.         0.95918367 1.        ],[0.         0.03921569 1.        ]
0.95,1.8021826694558576,3553,0.9504830917874396,0.28252577781677246,0.0,[0.         0.95652174 1.        ],[0.         0.05555556 1.        ]
0.94,2.162619203347029,3553,0.941656466748266,0.2671635150909424,0.0,[0.         0.95348837 1.        ],[0.         0.07017544 1.        ]
0.91,3.2439288050205435,3553,0.9089635854341738,0.3165323734283447,0.0,[0.         0.96078431 1.        ],[0.         0.14285714 1.        ]
0.97,1.0813096016735146,3553,0.9697879151660664,0.27536749839782715,0.0,[0.         0.95918367 1.        ],[0.         0.01960784 1.        ]
0.97,1.0813096016735146,3553,0.9692894419911683,0.2748129367828369,0.0,[0.         0.95744681 1.        ],[0.         0.01886792 1.        ]
0.95,1.8021826694558576,3553,0.9497799119647861,0.26475071907043457,0.0,[0.         0.93877551 1.        ],[0.         0.03921569 1.        ]
0.94,2.1626192033470293,3553,0.9366883116883118,0.24885344505310059,0.0,[0.         0.90909091 1.        ],[0.         0.03571429 1.        ]
0.94,2.162619203347029,3553,0.9403761504601839,0.24988055229187012,0.0,[0.         0.92156863 1.        ],[0.         0.04081633 1.        ]
0.99,0.3604365338911717,3553,0.9907407407407408,0.26656246185302734,0.0,[0. 1. 1.],[0.         0.01851852 1.        ]
0.94,2.162619203347029,3553,0.938301282051282,0.24996089935302734,0.0,[0.         0.98076923 1.        ],[0.         0.10416667 1.        ]
0.95,1.8021826694558578,3553,0.9505802320928372,0.25020766258239746,0.0,[0.         0.97959184 1.        ],[0.         0.07843137 1.        ]
0.94,2.1626192033470293,3553,0.9388004895960831,0.26659584045410156,0.0,[0.         0.94736842 1.        ],[0.         0.06976744 1.        ]
0.96,1.4417461355646861,3553,0.9599358974358976,0.2499394416809082,0.0,[0.         0.96153846 1.        ],[0.         0.04166667 1.        ]
